10,134
10,100
10,296
10,130
10,72
10,282
11,7
11,16
11,23
11,21
8,18
8,8
8,13
316,23
316,21
316,20
316,17
316,16
316,15
316,6
316,3
316,1
314,11
314,9
314,6
314,5
314,3
314,1
313,3
313,1
20,3
20,2
20,1
19,3
19,2
19,1
14,11
14,10
14,9
14,8
14,5
12,3
12,2
12,1
11,29
11,25
11,24
11,22
11,20
11,19
11,18
11,12
11,11
11,10
11,8
11,5
18,1
11,3
11,2
18,3
11,1
14,1
10,312
14,7
14,3
13,1
13,3
10,304
10,302
10,298
10,270
10,268
10,266
10,258
10,248
10,200
10,174
10,166
10,152
10,146
10,24
10,4
10,3
10,2
10,1
9,7
9,6
9,4
9,3
9,2
9,1
8,17
8,15
8,12
8,11
8,10
8,9
8,7
8,6
8,5
8,4
8,3
8,2
8,1
3,3
3,2
3,1
2,3
2,2
