31,2
31,0
40,0
38,6
38,5
38,2
38,0
38,1
38,3
28,2
28,0
0,278
0,9
36,5
36,2
36,0
0,273
0,270
10,138
10,216
10,296
10,254
10,112
10,230
10,3
11,12
11,22
11,11
11,30
11,17
11,23
9,6
9,4
8,4
8,12
8,7
8,5
8,8
52,3
52,2
52,1
52,0
51,3
51,2
51,1
51,0
50,3
50,2
50,1
50,0
49,4
49,3
49,2
49,1
49,0
48,4
48,3
48,2
48,1
48,0
47,4
47,3
47,2
47,1
47,0
45,5
45,4
45,3
45,2
45,1
45,0
42,6
42,5
42,4
42,3
42,2
42,1
42,0
40,6
40,5
40,4
40,3
40,2
40,1
36,3
36,1
31,4
31,3
31,1
28,3
28,1
20,3
20,2
20,1
19,3
19,2
19,1
12,3
12,2
12,1
11,29
11,28
11,27
11,25
11,24
11,21
11,20
11,19
11,18
11,16
11,14
