212,9
212,8
212,7
212,4
212,6
212,5
215,11
215,10
0,567
237,6
237,5
237,4
237,3
237,2
237,1
237,0
236,5
236,4
236,3
236,2
236,1
236,0
235,5
235,4
235,3
235,2
235,1
235,0
234,6
234,5
234,4
234,3
234,2
234,1
234,0
233,4
233,3
233,2
233,1
233,0
0,566
218,4
232,5
232,4
232,3
232,2
232,1
232,0
0,565
231,5
231,4
231,3
231,2
231,1
231,0
230,4
230,3
230,2
230,1
230,0
229,4
229,3
229,2
229,1
229,0
228,4
228,3
228,2
228,1
228,0
227,4
227,3
227,2
227,1
227,0
226,4
226,3
226,2
226,1
226,0
0,564
225,4
225,3
225,2
225,1
225,0
224,4
224,3
224,2
224,1
224,0
223,4
223,3
223,2
223,1
223,0
222,5
222,4
222,3
222,2
222,1
222,0
219,5
220,4
219,4
221,4
221,3
221,2
221,1
221,0
220,3
220,2
220,1
220,0
219,3
219,2
219,1
219,0
218,3
218,2
0,563
0,562
218,1
218,0
0,561
217,4
217,3
217,2
217,1
217,0
216,10
216,9
216,8
216,7
216,6
216,5
216,4
215,9
215,8
215,7
215,6
215,5
215,4
214,5
214,4
216,3
216,2
216,1
216,0
215,3
215,2
215,1
215,0
214,3
214,2
214,1
214,0
213,4
213,3
213,2
213,1
213,0
212,3
212,2
212,1
212,0
211,4
211,3
211,2
211,1
211,0
0,560
0,559
210,5
210,4
210,3
210,2
210,1
210,0
0,558
209,4
209,3
209,2
209,1
209,0
208,3
208,2
208,1
208,0
0,557
207,4
207,3
207,2
0,556
207,1
207,0
206,4
206,3
206,2
206,1
206,0
0,555
205,6
0,554
205,5
205,4
205,3
